1651 9 200 0 100 f
76
105
110
107
13
10
13
10
43
73
80
68
44
48
44
57
58
82
70
73
68
32
67
65
82
68
13
10
79
75
13
10
13
10
43
73
80
68
44
48
44
50
48
54
58
47
60
48
62
60
67
104
105
110
104
84
104
117
121
62
60
49
52
57
124
49
56
49
124
50
49
56
124
48
56
50
124
49
54
56
62
60
48
49
50
51
62
0
47
60
49
62
60
84
104
117
121
67
104
105
110
104
62
60
49
52
55
124
48
56
52
124
48
54
49
124
50
49
51
124
48
52
55
62
60
49
50
51
52
62
0
47
60
50
62
60
67
104
105
110
104
62
60
49
50
50
124
49
50
50
124
49
50
50
124
49
50
50
124
49
50
50
62
60
49
50
51
52
62
0
47
60
51
62
60
84
104
117
121
62
60
48
56
57
124
48
56
57
124
48
56
57
124
48
56
57
124
48
56
57
62
60
49
50
51
52
62
0
47
60
52
62
60
78
103
117
121
101
110
62
60
49
50
51
124
49
50
51
124
49
50
51
124
49
50
51
124
49
50
51
62
60
50
51
52
53
62
0
13
10
0
13
10
79
75
13
